79
78
86
77
86
84
75
97
81
74
78
90
67
77
74
74
84
90
82
71
86
90
83
101
90
90
73
90
92
85
77
74
95
85
114
88
78
95
83
95
95
71
82
106
86
71
74
73
97
82
83
86
89
102
84
76
85
80
76
85
81
85
86
85
91
78
87
86
71
81
81
93
98
94
82
92
82
84
73
85
69
89
93
65
90
69
73
89
95
86
86
72
78
74
82
77
74
69
88
93
84
79
70
103
86
69
90
87
81
104
78
90
82
76
92
69
87
97
108
91
78
67
95
89
81
111
86
90
99
82
95
81
84
80
67
82
84
82
95
77
83
63
72
94
79
81
89
99
72
80
85
79
82
64
87
101
89
75
84
83
79
93
75
77
103
59
88
85
82
89
78
76
96
69
74
80
79
65
81
78
84
73
102
66
79
74
75
85
85
85
89
86
77
77
73
73
63
69
69
83
97
79
69
86
81
90
79
101
66
75
90
91
86
94
69
74
92
76
85
100
87
78
69
79
94
77
84
91
69
76
82
75
70
98
103
82
91
75
75
83
78
87
74
70
83
71
72
68
77
78
86
93
93
80
79
73
83
85
63
78
62
84
89
85
87
72
87
91
70
85
88
75
79
89
80
82
84
87
89
76
85
91
83
84
80
80
90
93
75
87
81
81
91
77
101
73
80
62
82
96
84
96
77
80
88
87
85
74
88
82
100
93
77
95
72
95
86
73
84
82
87
78
82
70
77
82
89
88
85
83
70
89
96
98
83
87
73
88
103
78
95
100
93
86
80
81
82
80
66
82
77
87
112
76
97
97
87
83
78
82
89
77
83
80
91
98
76
83
83
67
82
99
80
89
76
79
93
99
86
98
88
82
77
84
88
75
88
79
91
73
74
74
95
90
85
87
81
78
89
77
88
73
103
93
81
81
77
82
56
84
77
70
71
79
85
87
85
71
79
85
82
89
88
83
83
87
83
85
89
74
80
87
81
65
86
77
71
69
81
82
78
101
74
78
92
87
71
94
77
91
85
80
79
81
111
76
74
100
80
74
82
87
82
77
71
81
89
76
82
85
91
76
81
87
85
88
84
87
89
82
89
65
84
82
67
104
82
95
85
95
98
86
83
77
80
77
83
86
86
77
92
69
74
86
67
87
75
87
80
80
81
70
77
74
94
77
95
78
77
89
91
83
87
81
78
85
80
89
97
70
87
89
75
82
79
80
88
85
88
94
76
73
80
104
64
77
92
74
72
74
85
70
86
93
74
84
80
86
93
96
79
98
86
90
95
76
69
75
69
76
89
88
72
69
86
74
90
75
80
87
94
92
84
66
90
86
93
83
80
82
77
87
88
76
83
84
89
75
83
64
87
71
85
81
76
76
89
90
94
78
106
87
75
91
83
78
78
79
95
93
84
70
80
96
75
90
89
85
83
90
78
89
86
77
76
91
85
87
85
84
81
81
70
76
76
111
90
83
76
88
69
98
79
84
89
68
95
84
90
93
97
82
81
82
87
84
71
98
79
79
80
82
78
69
77
69
84
70
83
77
83
79
67
94
76
84
88
94
69
91
77
89
79
83
96
84
85
96
80
78
87
85
83
77
81
79
87
103
72
81
70
70
90
76
78
96
83
76
73
88
88
86
89
91
71
86
92
76
80
73
79
73
95
99
84
74
93
74
91
80
71
92
80
80
88
95
95
87
67
75
93
86
90
72
66
76
83
76
62
86
76
102
76
81
89
67
64
75
73
75
82
95
91
72
77
63
98
90
86
86
78
78
82
90
86
96
82
83
81
73
101
79
73
67
105
99
78
71
86
84
80
83
93
98
100
82
93
63
89
77
73
93
68
84
77
80
79
90
72
73
79
78
91
82
93
83
67
65
97
56
70
97
117
95
82
77
79
90
76
90
94
72
87
81
89
80
73
68
82
82
84
82
81
75
97
82
94
74
80
80
94
64
80
71
82
85
89
86
84
76
87
82
79
93
84
74
73
83
71
86
88
88
90
66
70
72
83
100
96
86
76
86
68
98
80
83
70
67
77
94
97
82
96
93
89
80
81
79
77
88
80
87
80
97
87
66
78
75
70
86
83
88
95
86
86
93
93
75
92
84
83
70
86
85
97
89
95
62
72
85
80
69
95
80
66
86
88
80
95
74
74
71
84
72
74
90
90
83
86
88
82
83
76
85
90
109
78
89
68
87
75
63
87
82
68
86
89
74
92
73
80
95
73
95
94
74
85
70
80
88
81
79
78
86
71
90
70
76
92
81
